Table,Pre_C_Mean,Pre_C_RMS,Ave_C_Mean,Ave_C_RMS
"""1010_sec_build_vio""",0.026191175503583193,8.51342412388e-05,0.0255980061094,8.60109137292e-05
"""1010_sec_bus_lic""",0.026191175503583193,8.51342412388e-05,0.0260631979494,0.000261443997856
"""1010_sec_chi_crime""",0.026191175503583193,8.51342412388e-05,0.0260494338656,0.000188081749017
"""1010_sec_contracts""",0.026191175503583193,8.51342412388e-05,0.0261733595023,0.000215439648824
"""1010_sec_food_inspec""",0.026191175503583193,8.51342412388e-05,0.026186223754,0.000222939138967
"""1010_sec_graf_rmv""",0.026191175503583193,8.51342412388e-05,0.0262905749572,0.000203721972303
"""1015_sec_build_vio""",0.026191175503583193,8.51342412388e-05,0.0281271984804,0.000189533424172
"""1015_sec_bus_lic""",0.026191175503583193,8.51342412388e-05,0.0294839595934,0.000231527900209
"""1015_sec_chi_crime""",0.026191175503583193,8.51342412388e-05,0.0305747304189,0.000211419984085
"""1015_sec_contracts""",0.026191175503583193,8.51342412388e-05,0.0315376055143,0.000227279061724
"""1015_sec_food_inspec""",0.026191175503583193,8.51342412388e-05,0.0324532391343,0.000236617156351
"""1015_sec_graf_rmv""",0.026191175503583193,8.51342412388e-05,0.0330769172231,0.000227777716684
"""11_sec_build_vio""",0.026191175503583193,8.51342412388e-05,0.0307646881187,0.000212598596735
"""11_sec_bus_lic""",0.026191175503583193,8.51342412388e-05,0.0287575973488,0.000207196490586
"""11_sec_chi_crime""",0.026191175503583193,8.51342412388e-05,0.0270320597402,0.000194315804295
"""11_sec_contracts""",0.026191175503583193,8.51342412388e-05,0.0255125954324,0.000188173493654
"""11_sec_food_inspec""",0.026191175503583193,8.51342412388e-05,0.0241831247013,0.000182096079942
"""11_sec_graf_rmv""",0.026191175503583193,8.51342412388e-05,0.0230051820855,0.000174016190825
"""55_sec_build_vio""",0.026191175503583193,8.51342412388e-05,0.0225534763257,0.00016832828279
"""55_sec_bus_lic""",0.026191175503583193,8.51342412388e-05,0.0220916799492,0.000175275920802
"""55_sec_chi_crime""",0.026191175503583193,8.51342412388e-05,0.0216842632327,0.000168345454616
"""55_sec_contracts""",0.026191175503583193,8.51342412388e-05,0.021319094307,0.000170479892802
"""55_sec_food_inspec""",0.026191175503583193,8.51342412388e-05,0.0209638424895,0.000170885860864
"""55_sec_graf_rmv""",0.026191175503583193,8.51342412388e-05,0.0206553212076,0.000166916678342
